{'mae': 0.53833133,
 'rmse': 0.5872479598187328,
 'r2': -0.41625172934505583,
 'accuracy': 0.41938997821350765}