{'mae': 0.4323431,
 'rmse': 0.47759190366498305,
 'r2': 0.07899846660877052,
 'accuracy': 0.5483870967741935}