{'mae': 0.28539854,
 'rmse': 0.39259476887355826,
 'r2': 0.3613723888408259,
 'accuracy': 0.7612645348837209}